0 0
0 0 
0 0
0 0
0 0 
0 0
0 0
0 0
0 0
0 0 
0 0
0 0
0 0
0 0 
0 0
0 0
0 0
0 0
0 0
0 0 
0 0
0 0
0 0
0 0
0 0
0 0 
6 4
6 4
6 4
6 4
6 4
6 4 
8 4
8 4
8 4
8 4
8 4
8 4
8 5
8 5
8 5
8 5
8 5
8 5 
8 6
8 6
8 6
8 6
8 6
8 6
8 6 
8 8
8 8
8 8
8 8
8 8
8 8
8 8 
10 7
10 7
10 7
10 7
10 7
10 7
10 7 
10 8
10 8
10 8
10 8
10 8
10 8 
10 9
10 9
10 9
10 9
10 9
10 9
10 9 
14 7
14 7
14 7
14 7
14 7
14 7
14 7 
14 8
14 8
14 8
14 8
14 8 
14 8
14 8
14 8
14 8
14 8
14 8 
14 9
14 9
14 9
14 9
14 9
14 10
14 10
14 10
14 10
14 10
14 10
14 10
14 10
14 10
14 10 
14 11
14 11
14 11 
16 10
16 10
16 10
16 10
16 10
16 10
16 10
16 10
16 10
16 10 
14 12
14 12
14 12
14 12
14 12 
20 12