0 0
0 0
0 0
0 0
0 0
0 0
0 0
0 0
0 0 
0 0
0 0
0 0
0 0
0 0
0 0
0 0
0 0
0 0
0 0 
0 0
0 0
0 0
0 0
0 0
0 0
0 0
0 0 
6 4
6 4
6 4
6 4
6 4
6 4
6 4
6 4 
8 5
8 5
8 5
8 5
8 5
8 5
8 5 
8 6
8 6
8 6
8 6
8 6
8 6
8 6
8 6
8 6
8 6 
8 8
8 8
8 8
8 8
8 8
8 8
8 8
8 8
8 8
8 8
8 8
8 8 
10 8
10 8
10 8
10 8
10 8
10 8
10 8
10 8
10 8
10 8
10 8 
14 7
14 7
14 7
14 7
14 7
14 7
14 7
14 7
14 7
14 7 
14 8
14 8
14 8
14 8
14 8
14 8
14 8
14 8
14 8
14 8
14 8
14 8
14 8
14 8
14 8 
14 10
14 10
14 10
14 10
14 10
14 10
14 10
14 10
14 10
14 10
14 10
14 10
14 10
14 10
14 10
14 10
14 10
14 10
14 10 
14 12
14 12
14 12
14 12
14 12
14 12
14 12
14 12 
14 13
14 13
14 13
14 13
14 13
14 13 
16 12
16 12
16 12
16 12
16 12
16 12
16 12
16 12
16 12
16 12 
16 13
16 13
16 13
16 13
16 13
16 13
16 13
16 13
16 13
16 13
16 13
16 13
16 13 
18 13
18 13
18 13
18 13
18 13
18 13
18 13
18 13
18 13
18 13 
18 14
18 14
18 14
18 14
18 14
18 14
18 14
18 14
18 14 
22 12
22 12
22 12
22 12
22 12
22 12
22 12
22 12
22 12
22 12
22 12
22 12 
22 13
22 13
22 13
22 13
22 13
22 13
22 13
22 13
22 13
22 13
22 13
22 13
22 13 
22 14
22 14
22 14
22 14
22 14
22 14
22 14
22 14
22 14
22 14 
20 16
20 16
20 16
20 16
20 16
20 16
20 16
20 16
20 16
20 16 
22 16
22 16
22 16
22 16
22 16
22 16
22 16
22 16
22 16
22 16 
30 28