0 0
0 0
0 0
0 0
0 0
0 0
0 0
0 0
0 0
0 0
0 0
0 0
0 0
0 0
0 0
0 0
0 0
0 0
0 0
0 0
0 0
0 0
0 0
6 4
6 4
6 4
6 4
6 4
6 4
6 5
8 4
8 4
8 4
6 6
6 6
6 6
8 5
8 5
8 5
8 5
8 5
8 5
8 6
8 6
8 6
8 6
8 6
8 7
8 7
8 7
8 7
10 6
10 6
8 8
8 8
8 8
8 8
8 8
10 7
10 7
12 6
12 6
12 6
12 6
12 6
10 8
14 6
14 6
14 6
14 6
14 6
10 9
10 9
10 9
10 9
12 8
14 7
14 7
14 7
14 7
14 7
14 7
12 9
12 9
12 9
14 8
14 8
14 8
14 8
14 8
14 8
12 10
12 10
12 10
12 10
14 9
14 9
14 9
14 9
14 9
14 9
14 10
14 10
14 10
14 10
14 10
14 10
14 10
14 10
14 10
14 10
14 11
14 11
14 11
16 10
16 10
16 10
16 10
16 10
16 10
14 12
14 12
14 12
14 12
14 12
16 11
16 11
16 11
14 13
20 12